807
120
260
797
168
517
354
657
970
504
975
991
22
137
875
791
514
380
822
287
805
585
567
817
106
881
744
614
512
889
139
583
62
27
39
67
918
898
994
587
650
944
467
419
511
457
718
388
245
413
874
581
25
899
165
83
860
295
307
821
79
1
917
346
631
480
647
146
55
227
157
429
692
212
116
11
757
540
983
178
398
280
992
334
215
965
267
800
277
160
569
558
194
470
684
440
882
941
653
154
73
893
321
705
387
535
322
220
284
656
138
233
981
674
928
920
448
328
251
522
495
508
496
748
648
410
301
344
911
760
463
460
408
978
820
624
781
35
412
50
790
268
416
219
214
866
616
75
63
686
877
123
576
724
555
771
469
833
745
327
6
765
719
690
2
423
45
7
170
68
70
396
688
493
14
132
275
749
500
306
938
391
671
819
428
126
226
649
383
497
572
339
720
694
779
332
336
908
110
261
519
958
818
485
213
635
250
714
772
525
764
566
337
411
90
34
961
678
969
183
702
505
853
65
804
49
837
665
950
959
532
832
794
102
446
159
134
707
962
403
302
203
977
990
728
774
488
21
954
305
381
191
518
891
459
3
673
754
69
320
654
143
449
356
19
846
340
756
553
189
758
703
240
521
402
341
418
395
281
951
351
47
208
498
888
441
988
662
311
549
286
834
906
743
140
456
762
840
153
740
786
735
258
46
237
15
844
64
180
894
542
668
729
613
365
704
60
803
927
231
166
972
315
253
711
598
680
592
377
997
739
433
708
603
84
436
218
824
373
559
909
131
528
121
234
841
976
513
274
443
914
541
296
618
808
681
20
722
597
224
304
382
375
629
848
723
923
223
5
389
896
732
452
683
103
825
548
759
905
700
225
588
12
506
197
526
675
204
763
145
865
937
468
672
481
313
293
80
601
369
596
780
609
93
91
289
57
769
404
409
623
989
551
812
847
892
437
206
202
622
29
741
353
198
222
390
155
773
363
867
342
615
317
982
300
876
761
370
438
778
515
864
421
850
575
667
352
330
263
679
533
329
167
271
255
919
325
109
128
442
113
607
152
257
239
854
144
968
486
926
243
163
910
16
347
176
831
932
862
242
984
288
591
713
48
939
98
966
379
193
550
534
420
54
568
241
943
717
861
810
644
94
716
573
726
216
182
338
940
784
999
666
117
659
879
795
897
554
564
158
148
798
108
489
870
557
196
59
41
185
661
531
907
802
561
682
770
147
524
608
58
579
417
753
620
81
604
776
181
883
863
319
956
502
431
44
229
697
164
88
655
733
172
135
424
326
235
792
710
465
372
190
434
617
855
734
973
985
358
312
269
612
228
484
72
399
658
400
9
384
646
725
359
362
374
967
878
77
995
422
880
953
638
902
265
107
565
546
946
730
766
599
425
86
706
957
385
186
264
210
516
751
501
606
727
610
589
283
775
278
857
737
960
785
435
913
560
487
252
712
0
539
838
427
318
343
171
85
715
174
815
335
447
738
366
473
430
849
886
619
845
670
477
873
127
621
392
767
111
24
472
641
544
947
793
368
150
691
964
236
177
195
99
173
53
294
823
101
980
859
742
814
499
827
466
37
169
538
26
746
640
361
405
444
254
445
397
527
464
998
901
929
783
244
731
211
580
316
974
633
142
689
406
570
114
122
471
887
600
593
95
184
28
118
809
279
839
432
207
115
789
552
721
232
813
124
89
736
462
414
105
217
639
92
509
415
42
507
626
701
903
830
476
696
890
571
130
871
367
230
752
297
125
87
357
38
936
578
474
350
104
40
750
594
96
829
78
360
52
205
17
187
451
461
266
520
948
292
577
31
483
308
782
324
669
582
536
291
645
625
407
835
858
945
355
574
276
826
32
192
788
133
175
627
796
949
842
299
677
348
685
256
885
162
930
290
376
801
996
799
82
475
900
895
454
925
630
458
699
156
401
238
455
537
439
453
586
371
562
71
872
273
4
916
491
843
768
482
393
869
530
979
161
179
924
663
76
884
642
955
119
56
543
262
285
503
664
993
921
934
611
547
602
904
221
529
651
935
129
490
643
660
36
811
494
349
8
141
247
136
378
314
364
963
74
828
806
479
10
652
915
755
303
777
323
246
952
272
545
584
632
30
590
331
426
852
816
66
634
836
112
345
394
676
100
248
450
693
310
333
282
922
942
637
492
605
298
709
856
270
61
971
986
199
309
698
912
18
556
33
97
987
200
687
386
695
563
249
851
209
595
201
188
43
636
787
259
868
931
510
933
13
23
628
151
149
478
523
747
51
