87
969
146
765
483
600
513
206
743
44
622
127
493
212
677
168
869
41
976
470
453
56
979
438
158
741
259
255
253
708
387
902
590
839
883
617
359
304
928
178
762
115
766
658
621
776
303
594
872
340
22
852
145
370
744
584
853
894
94
625
854
311
105
710
245
427
758
235
76
26
290
516
199
866
994
920
922
471
685
97
166
357
457
556
698
3
649
805
159
505
788
99
812
888
297
944
123
190
663
729
804
707
611
830
760
369
197
169
274
893
680
392
407
841
745
870
287
731
249
420
179
840
421
726
580
895
107
919
434
500
376
754
436
995
667
143
537
878
240
181
751
321
901
827
570
210
389
566
563
728
385
302
552
58
696
91
987
150
718
784
524
441
782
653
37
170
730
397
568
951
654
579
937
515
889
655
756
294
338
272
137
266
280
704
156
13
973
219
635
992
429
795
14
891
921
440
120
47
970
472
112
381
218
713
124
670
171
176
880
11
927
251
935
32
530
824
239
73
468
686
558
662
793
449
737
10
286
836
679
773
785
802
431
217
324
981
560
666
780
623
620
531
846
909
775
418
458
400
691
940
761
585
529
599
490
735
639
574
811
942
963
465
345
717
38
885
428
437
629
247
175
262
561
961
279
723
779
929
843
581
492
252
65
810
74
327
379
523
571
242
789
997
353
241
701
965
374
488
645
933
396
410
494
40
906
905
368
534
601
848
162
442
918
102
794
950
35
936
390
238
278
80
85
54
83
183
612
100
996
813
292
200
384
433
268
511
539
295
887
313
339
990
746
75
517
774
671
546
814
478
435
161
675
395
195
246
916
116
526
764
42
157
128
807
913
164
553
540
155
964
681
932
167
485
144
57
803
498
538
182
142
931
724
547
786
310
637
690
817
703
333
113
499
958
491
867
411
742
205
833
847
367
222
750
289
984
605
6
610
234
344
225
865
657
372
509
193
477
322
106
684
533
545
409
863
549
886
36
425
132
674
448
564
19
715
454
250
967
463
769
874
602
512
772
565
613
689
898
740
216
24
63
642
480
826
947
630
103
196
582
559
474
716
959
955
609
354
829
548
228
475
798
974
808
271
335
184
415
78
211
201
343
476
133
508
960
800
462
296
904
464
258
543
276
33
489
301
223
695
879
92
664
110
982
725
682
683
706
401
186
187
208
576
823
29
5
732
306
328
551
261
892
207
857
763
641
382
837
285
221
111
118
330
256
406
363
542
59
598
632
459
79
398
988
709
160
525
945
941
783
151
672
180
873
18
9
790
777
188
473
125
759
469
633
53
631
819
1
108
28
923
614
527
2
930
578
348
455
60
884
977
980
705
191
412
284
607
799
583
404
21
293
897
141
519
911
346
126
135
860
877
572
119
925
203
446
914
647
975
781
298
329
332
426
479
748
214
910
482
52
699
414
821
377
550
61
84
383
749
424
669
966
688
912
72
496
948
163
702
71
356
659
595
855
501
288
416
755
949
676
260
588
859
318
589
520
366
291
172
174
300
399
309
130
797
999
198
220
371
858
177
194
801
915
953
342
528
192
305
815
358
998
264
507
34
347
591
423
43
447
926
360
93
752
832
391
320
627
722
417
236
991
806
373
460
946
39
727
871
104
881
638
962
314
265
597
461
185
700
154
714
481
227
603
890
521
532
983
48
767
719
618
626
148
66
355
809
484
952
636
835
308
430
432
20
899
269
134
711
25
270
993
831
7
876
129
422
643
439
882
796
380
822
69
189
46
67
616
736
281
734
121
646
968
149
573
204
900
81
712
273
619
924
864
27
4
668
820
733
818
337
267
989
299
495
648
131
96
325
845
12
202
554
451
606
443
8
233
139
753
229
673
850
413
122
791
651
55
593
720
522
535
386
209
851
555
394
361
452
862
173
282
634
365
393
615
569
312
541
608
51
536
778
985
68
101
467
956
640
405
352
30
504
678
908
624
237
230
326
586
316
315
692
972
650
408
50
244
739
351
152
721
849
375
747
770
89
0
660
816
319
350
445
596
17
978
575
628
604
378
825
248
444
45
88
114
456
466
64
15
838
875
341
907
828
263
787
254
917
986
334
109
362
147
136
503
939
514
644
592
656
694
497
349
283
938
768
49
331
693
23
661
232
903
518
98
140
165
403
954
577
138
943
77
757
587
307
31
844
243
275
317
510
896
450
652
62
487
213
971
224
215
861
544
562
226
153
665
486
506
388
842
856
323
934
117
82
697
557
16
738
771
70
792
419
336
90
868
834
364
95
257
277
957
687
86
402
567
502
231
