191
695
157
892
666
586
978
861
566
838
96
860
884
163
942
975
949
10
51
154
530
851
617
272
857
856
803
936
339
540
312
864
955
966
448
160
161
352
893
21
967
553
328
343
422
724
202
234
827
561
567
689
350
158
941
489
706
53
103
687
865
902
762
763
848
307
627
81
388
725
434
80
215
869
544
876
371
796
193
722
195
587
167
119
537
169
589
116
614
995
122
915
952
889
286
168
598
194
277
931
815
399
446
414
684
661
900
65
429
712
35
660
256
960
124
891
387
525
716
511
536
192
507
872
613
179
922
625
6
95
959
100
403
746
83
335
548
504
101
539
542
72
477
375
703
951
407
42
208
508
253
348
40
493
29
197
571
638
247
854
441
249
830
953
111
812
928
31
681
60
482
667
903
993
648
115
808
366
465
466
899
296
733
327
172
581
405
120
300
485
761
450
999
5
469
374
987
250
913
940
363
780
592
178
635
232
139
98
144
927
421
556
822
271
106
765
337
360
753
743
866
825
63
772
420
757
62
205
929
173
241
499
837
200
669
559
74
305
64
333
990
824
32
871
834
938
147
255
426
523
641
243
831
755
230
683
813
153
488
262
424
833
486
710
818
367
207
729
599
748
811
355
108
33
678
57
274
260
868
313
514
545
107
954
380
829
526
90
601
600
976
701
971
332
364
142
664
738
302
204
634
150
132
14
7
721
863
911
36
117
467
222
789
881
281
77
983
432
109
425
609
910
211
668
731
295
97
715
759
306
977
406
289
747
778
131
631
412
984
574
740
324
354
602
92
314
810
509
73
71
792
148
206
520
331
925
549
798
671
788
787
745
26
956
44
944
135
437
138
705
152
596
744
196
904
320
565
190
873
203
442
880
785
513
87
362
988
239
945
273
175
620
522
269
18
219
251
732
440
764
846
719
365
608
468
879
385
850
368
221
45
212
882
113
888
340
198
702
400
939
310
436
717
134
15
86
475
476
127
345
926
605
670
656
713
210
578
570
739
663
588
41
114
769
593
794
460
982
34
799
832
2
238
969
653
174
401
774
594
216
569
973
965
435
417
697
218
445
301
79
501
622
264
591
171
415
102
572
947
519
909
319
9
133
276
419
99
515
784
166
647
554
890
512
852
311
214
835
0
110
841
665
989
726
654
278
517
682
535
649
67
819
655
557
39
411
607
483
8
259
961
23
932
546
285
506
270
985
78
291
714
849
679
533
781
964
268
85
550
734
318
162
11
957
639
391
921
390
244
242
914
48
618
783
680
56
836
776
418
463
121
321
16
330
37
760
603
948
290
707
612
585
17
182
384
409
427
807
94
611
473
516
451
564
782
730
972
855
521
38
128
809
68
958
257
1
897
791
236
963
325
696
885
438
727
686
129
454
934
292
408
125
188
560
674
377
254
151
334
225
859
317
492
497
186
149
455
373
452
282
235
723
176
930
626
675
728
457
398
453
775
858
70
937
752
828
449
582
93
821
690
143
935
4
918
895
58
288
189
887
672
604
382
263
844
933
248
991
126
267
308
76
315
386
481
75
137
297
737
298
691
229
503
555
47
494
981
636
491
3
870
447
595
644
279
908
479
104
771
30
136
630
462
694
805
496
640
704
754
84
538
628
950
741
347
46
223
877
646
146
338
141
766
459
24
840
709
342
700
322
502
912
164
685
528
185
797
590
651
353
875
862
527
428
629
894
720
699
842
583
845
524
758
293
433
632
692
487
226
624
906
130
773
177
20
392
304
498
458
112
359
59
404
735
878
543
275
180
505
568
883
994
155
351
793
853
919
397
383
118
54
369
898
750
470
616
28
213
431
621
584
896
823
165
484
814
91
658
358
381
800
323
159
464
287
770
309
532
820
156
751
402
577
123
923
551
105
413
227
472
806
962
541
217
184
461
379
89
563
423
615
698
52
580
768
531
777
266
170
907
140
316
43
843
562
410
662
61
992
220
693
795
886
370
336
867
817
357
187
645
606
688
444
284
145
443
637
786
228
349
474
456
69
252
378
283
801
924
376
802
88
996
597
233
430
767
22
874
916
677
573
905
280
579
547
395
396
610
529
839
495
201
209
294
19
346
265
82
718
246
756
66
372
13
471
439
183
657
534
652
742
736
623
341
816
779
979
711
676
240
997
480
998
181
946
394
558
643
224
986
356
478
231
27
980
943
920
659
673
576
12
25
326
970
968
708
518
237
490
299
500
804
790
303
633
416
619
917
361
55
261
847
389
749
329
510
393
974
650
642
344
199
552
245
258
826
50
575
49
901
